13901212644
18911752099
13691782790
13261479074
13705319760
18611178758
13717775787
15910881733
13911531686
13146334449
13311314782
13811301007
18722499196
18622789120
18602609163
13920007412
13352096880
13212111011
13502008542
13132288990
18522069213
15620758837
13821696745
15222210352
13011382211
18920631981
13002253795
18630831167
15922020203
13389955665
13752189242
13920181596
13622145666
15377665260
13622111949
15320126991
13072039267
13612169613
18134114631
13933166311
13483132898
13383235181
13081039600
15369163966
13451498643
13831162055
15231151786
13663215868
18032932255
17764048155
13831591950
13703243994
15133997444
18712860132
13780251788
18013169898
13643350521
13131019008
15531035521
18231079992
13911669481
15510344441
15031099628
18034566786
15831045678
13703721491
15932798985
18810100208
15081098988
15803107771
18231099989
13032646665
13613224896
15933988093
15806636032
15194953513
13785228571
13811329582
18798861697
18311362778
13436801988
15832734422
13642334797
18713688166
13731726172
15100832653
13260099186
13313064555
13264397439
15030635680
18333609629
15610964666
13739647750
13932003573
15033888803
18231009919
18203230998
15028141919
13653211258
13803115733
13439712184
13784328988
18701002554
15754947705
13699278675
13512283217
13932656787
15373164888
18831659011
13831626127
18268842334
15803518255
13593151504
13546342115
15536061588
15534090264
13603572665
13051574011
13934039478
13546675111
15535681308
13233460009
13620642529
15135630661
15235652992
18636440719
15535026666
13453684744
15935878438
13020016444
13776211348
15127193336
18635756151
13152790009
13453368299
13353590507
15536279111
13363484099
15835922335
13466903075
15235417897
18735963362
13834231638
18635939000
15071104107
18335946333
13466968594
18827413248
15364986986
13703590056
13803405559
13347115200
18647141685
15560744222
13848204088
13947324203
13969758190
13191518731
15503611031
18248104890
13947067263
15947203012
15048257198
15144949970
18686038793
13847122886
15848032923
15184734662
15374716909
13904710588
13009555551
15598764555
15147776333
15326778788
13789483618
13889814792
13898883325
15140056677
15904052766
18302424118
15840380888
13889259893
18040018898
13998290763
18240101616
18940059227
18106390112
13316052726
15164011616
15604116660
13842855553
18640993477
18041112999
13942835588
18640833590
15998579771
15542605876
18624380909
13842878031
15524736633
13332223026
13842801206
15698887737
15142390779
13942695050
13704088178
13352267788
18842697635
13504280999
18609847106
13917832089
13942678778
13644230785
15141154516
13591747606
15940996866
13478762219
13909800290
13889776433
15242370338
18640564622
13942441676
18641490777
18104046660
15241402541
13908860335
13941554238
13521704567
15011563513
13795196112
18830399042
13998800398
15841718197
15601164615
13324172070
13842844208
18641787206
15009840780
18740244447
15184160544
13514176123
15134061793
13841912303
13941962399
13390388589
15909875651
14741000587
18604053555
15140137979
13840423935
13478593836
13384297856
15327500936
15940632425
18642961279
13364307777
15943070215
15714303666
13843187333
13341480777
15843109888
18946650080
18604442555
13756357060
13341462339
15866162039
17864711345
18686509657
18954131666
15543207038
18686691866
13472645555
15543434010
15764317676
13942601992
18604491949
15981231266
13514316886
15043405222
13843427518
18744432227
17743009852
13911766427
13264336333
18643544305
13877777711
13455293976
15122784470
18240176688
18243941075
13387228599
18843811983
17790009621
13585715540
15844025777
13943614711
13943804988
17706331985
18676993933
13433193108
15568971555
13533981960
18646109799
13703621204
18645077138
15519013300
15846336205
15045032855
15990370557
13945018899
18806103662
13604511740
18245050884
13654596719
13654503152
13612111044
13791090911
15244748717
15205429687
13836247761
13199638271
18640173460
13390444234
15170872111
13465826023
13684753475
13846915238
13553099970
13936550005
13889461717
18078181728
13504659823
15754595856
15268565777
13845025497
13533422765
18345067578
15801050588
13925122682
13792862272
13845372961
13796935353
15242577311
17098240307
13009475888
15141716456
13664655787
18522820431
18088711552
15998221317
18604593852
18645115637
18823603040
18245055663
15005324458
13901889293
13795330302
13585787800
13002159357
18616388760
13916236444
15026719094
13916022199
13564233601
15659155116
13816705366
13918266861
15801770521
15921894535
13611606848
18916678995
18918781386
15921359144
13162873455
18017721530
13611966637
15221865417
13901967528
15821879097
15202197936
13162963967
13524109753
13052348712
18116359868
13917425518
18721043864
13002116891
18930251255
13002110827
13661808594
13705145180
15064109510
18994003823
13771504275
13706156382
18052170009
13776778228
18952219117
13256709099
18361584418
17705209568
15062087364
13405214777
15307143990
17764014590
15895272500
15751036227
13626150089
13962117937
18913756328
13771978522
18913153620
13306230302
15851534160
15995933363
13375169755
13732656850
13812965595
13962216777
13862201946
13301485413
13761661932
15005131588
15895046336
18580706886
18930053378
13275178017
13914553183
18251003651
18121675051
18915753933
15751359168
13951199308
18752452721
13916742606
15000543776
18360755678
15701687292
18914726603
18052050998
13906634288
13602650677
13611528877
15800754288
13485200000
18851550726
18351182118
15618938177
18550140328
15962069311
13915795206
13375268299
13770068422
18762884999
13862397339
13501725950
15869623919
13151500777
18962673585
13916175903
13775773096
15952510332
15952842397
15358612726
18906109811
15609913947
18362309600
18662171942
18914546267
13915112806
13852832973
18957167578
13606630735
15158876915
15968820281
13819165266
15868175529
13868184388
15858457888
13801957983
15888555988
13065890091
15306667850
13025032555
13888920318
13586677078
13454770578
13857755829
13827706166
13587892528
13857776841
13968888526
13818247845
15258776966
18857767706
15958797389
13868571577
13958930048
13868518000
13655779322
18815192815
13819787750
13819790566
13858772799
13858791588
18867761280
13868837994
18658797868
13356176230
15888408616
13915217032
13706612598
13858806863
15657106777
13362729220
15191635577
13958984933
13858800331
13989733555
13758882908
18662282788
18767768889
13566148184
15267721991
13318296555
13588956877
13905877597
13777739611
13651681102
18698507888
15105731190
13819099388
18757351236
18006838772
18187028645
13706820699
13587943393
18857250098
13606554085
13105852399
13575525181
15925836813
13857550795
13967512838
13819530476
15306758362
18857595558
13515855993
13989569840
15990209738
13867911698
13967945248
15327100150
13867922424
13588828892
15803336677
18158367598
13806780828
13306895381
18805792393
13819903419
15857984422
13185162633
15058658655
13819908991
15623617804
13758979260
13065973689
13486985861
18067608508
15869293766
18857030178
15158771593
18767091057
13706704699
15905707899
13185059716
15957040611
13587017112
13575641166
15168078909
18806805697
15967691112
15867606444
18969609991
13758659060
13586185632
13738680303
13967651110
15757671100
15958657801
13958564921
15757680351
18857801185
13666550905
13606698030
13735989755
13867069621
13906781636
13396789858
15024650467
15257806480
13487124188
13972248638
13586110080
13905761880
13586018645
13666466057
13586028638
15825490444
13738514743
13106027000
18074119289
13958055535
18668632558
13676623330
15968628333
13606865677
13858689000
13666823352
13586261866
13345761100
13958601988
13777666166
13605868549
13968561258
13968559440
13906557712
13967607169
18858075266
13506867217
18069325999
13131406666
18256008722
15956920221
13305518277
13865921224
13855189777
13965047813
15618352686
15609632299
13909658978
13865683638
18013847646
13333438892
18955566071
15964105038
13680009877
15156200195
15756032885
15656236581
18365133970
13656843544
13829164453
18855177741
13196684888
13710800576
13965713703
18321332889
18225542399
13855721995
15263113000
18214857777
13776636529
13955028206
13701842514
13588007095
13916545880
13472726112
18956529577
13546927990
13705951957
13609502494
13655090988
13805093259
15859165165
18859160918
15506080321
13810706933
18950119190
13910123516
15659595978
13699198636
13622119168
18979623888
18806056775
13905961879
13506928014
13599797980
13810466063
13910407771
13693661244
15810376592
13810526887
13572807820
13502029701
13903747898
15900259999
13920010069
13991961740
15935394269
15931125999
15932529000
13832947999
15081037254
18392382572
13730207680
15964167939
15230784457
15373256543
18010010671
18635128101
13934234520
13714199994
18320996768
15834356246
13099042278
15319780302
18689490346
15609131333
18827343946
13088426651
15848939963
13722566323
15802940678
18548231262
18841748794
15000679638
15849102556
15389689126
13500676123
13998223477
15940545458
13840288818
15304008181
15140227918
15004039773
18640836836
13204067648
15754025053
15524660832
13942009202
15942822067
13478479878
15734119413
13504282625
13889651941
13387855653
13904289919
15998625222
15509842377
13470531988
15566907737
18642824440
15840669311
15841112899
15941178768
17741136591
13898605848
13322298375
18341278298
13359484444
18640733183
15041392595
15041366624
15615037788
15922312595
13188946627
13664247516
15940774730
13359443888
13904996440
13591938885
15102487567
15805356665
13590261509
13578801093
15919855259
18704620625
13843213407
15013502122
13810111392
15552598765
15318554555
13824340553
18709200912
13862047470
13206664144
13836018259
18246561234
13840098765
18669350204
13652421008
13945279696
15304829234
15610755111
17876997978
13728788766
13823531171
13336975350
15140668555
13366669375
15662667779
13674595551
15566885789
15246580258
13504956428
17783495369
13371835418
13501903329
13795253743
13761574347
13162289282
18702199188
13955595015
13918601777
13003272128
15221267636
18717872605
18616741703
13818627455
13761080957
18017370106
13061939390
13386056566
13564867521
13818065436
15900891942
13916501374
18916596711
13003159602
13814033282
18952093118
13851518506
15951807355
18913860790
13770578867
13914755201
13905182820
13914756328
15951638537
13328182202
13905121016
13951656898
18051965888
13382002551
13451903585
13512540778
13770602000
13218072328
13913982204
15895875817
18913002008
13770644100
17864711815
18118810388
13808830132
13382791356
18913372158
13770833288
18651868569
18761638863
13337901136
15852533571
13616173237
13806199281
13812182921
13812183938
13906161880
13921262984
13961675227
13961773813
13771381881
13771278797
15261531600
18115368390
18906156888
18761571171
13771135399
13812565212
15252039680
15862118227
18005206185
15162161170
15162035578
15150034334
13852448622
13805208045
13605200890
18505289597
13952186162
15962161913
18751707878
13056238872
18505166728
18721506487
15152465858
13914845615
13720535087
18115729710
15195478387
15952227188
13023515588
13395262526
15995485875
15396823031
15050823758
13952236209
15852143671
15952234825
13912002100
15380139037
13814444077
14752209775
15895265805
18251665678
13921780889
15950660667
13776227211
13585495555
18251658777
13852807305
15852133317
18752100990
18952272345
13770731448
13182353306
13805221935
18552803599
13914851611
13952281250
18062037809
13905224008
15050077077
15895581211
15050089740
15962454436
18351787487
18251736930
13305223252
18762561071
15190790459
18361203630
15162131888
13814431753
18951468000
13701486355
18661103131
13776898985
18651281971
13906146238
13328173344
13616133595
18015891161
13951112685
13862574223
18915514631
13921143016
18551132794
13701547769
13773050772
15850833622
18913643916
13962250275
13812873111
13915768463
13812887061
13771872888
13771861425
18751183763
15962544133
13706252486
18912734333
15862560711
18625068676
15150367334
13921536390
13962463719
18606242923
13913290929
18994421492
15190043978
18651378666
15995858881
15250265668
13222117759
13301488822
15250661208
13773800988
13912200689
15862709009
13814740999
13706288881
13813763155
18906286188
15851388708
15062759298
13584862358
13851948016
15006292233
15262757110
13952224176
13912233806
15161377829
15996111100
13291188930
15251217755
15251235111
13961305167
18361848456
15371544377
13861610908
18112169016
13365276621
15061329866
18168629111