1340280
1340281
1340282
1340283
1340284
1340285
1340286
1340287
1340288
1340289
1340800
1340801
1340802
1340803
1340804
1340805
1340806
1340807
1340808
1340809
1340840
1340841
1340842
1340843
1340844
1340845
1340846
1340847
1340848
1340849
1340850
1340851
1340852
1340853
1340854
1340855
1340856
1340857
1340858
1340859
1340860
1340861
1340862
1340863
1340864
1340865
1340866
1340867
1340868
1340869
1343800
1343801
1343802
1343803
1343804
1343805
1343806
1343807
1343808
1343809
1343810
1343811
1343812
1343813
1343814
1343815
1343816
1343817
1343818
1343819
1343820
1343821
1343822
1343823
1343824
1343825
1343826
1343827
1343828
1343829
1343830
1343831
1343832
1343833
1343834
1343835
1343836
1343837
1343838
1343839
1343845
1343846
1343847
1343848
1343849
1343880
1343881
1343882
1343883
1343884
1343885
1343886
1343887
1343888
1343889
1343890
1343891
1343892
1343893
1343894
1343895
1343896
1343897
1343898
1343899
1345850
1345851
1345852
1345853
1345854
1345855
1345856
1345857
1345858
1345859
1345860
1345861
1345862
1345863
1345864
1345865
1345866
1345867
1345868
1345869
1348890
1348891
1348892
1348893
1348894
1348895
1348896
1348897
1348898
1348899
1351810
1351811
1351812
1351813
1351814
1351815
1351816
1351817
1351818
1351819
1351820
1351821
1354000
1354001
1354002
1354003
1354004
1354005
1354006
1354007
1354008
1354009
1354010
1354011
1354012
1354013
1354014
1354015
1354016
1354017
1354018
1354019
1354020
1354021
1354022
1354023
1354024
1354025
1354026
1354027
1354028
1354029
1354030
1354031
1354032
1354033
1354034
1354035
1354036
1354037
1354038
1354039
1354040
1354041
1354042
1354043
1354044
1354045
1354046
1354047
1354048
1354049
1354060
1354061
1354062
1354063
1354064
1354065
1354066
1354067
1354068
1354069
1354070
1354071
1354072
1354073
1354074
1354075
1354076
1354077
1354078
1354079
1354080
1354081
1354082
1354083
1354084
1354085
1354086
1354087
1354088
1354089
1354100
1354101
1354102
1354103
1354104
1354105
1354106
1354107
1354108
1354109
1354110
1354111
1354112
1354113
1354114
1354115
1354116
1354117
1354118
1354119
1354120
1354121
1354122
1354123
1354124
1354125
1354126
1354127
1354128
1354129
1354130
1354131
1354132
1354133
1354134
1354135
1354136
1354137
1354138
1354139
1354780
1354781
1354782
1354783
1354784
1354785
1354786
1354787
1354788
1354789
1354790
1354791
1354792
1354793
1354794
1354795
1354796
1354797
1354798
1354799
1354800
1354801
1354802
1354803
1354804
1354805
1354806
1354807
1354808
1354809
1354810
1354811
1354812
1354813
1354814
1354815
1354816
1354817
1354818
1354819
1355000
1355001
1355002
1355003
1355004
1355005
1355006
1355007
1355008
1355009
1355010
1355011
1355012
1355013
1355014
1355015
1355016
1355017
1355018
1355019
1355020
1355021
1355022
1355023
1355024
1355025
1355026
1355027
1355028
1355029
1355030
1355031
1355032
1355033
1355034
1355035
1355036
1355037
1355038
1355039
1355100
1355101
1355102
1355103
1355104
1355105
1355106
1355107
1355108
1355109
1355110
1355111
1355112
1355113
1355114
1355115
1355116
1355117
1355118
1355119
1355120
1355121
1355122
1355123
1355124
1355125
1355126
1355127
1355128
1355129
1355130
1355131
1355132
1355133
1355134
1355135
1355136
1355137
1355138
1355139
1355180
1355181
1355182
1355183
1355184
1355185
1355186
1355187
1355188
1355189
1355860
1355861
1355862
1355863
1355864
1355865
1355866
1355867
1355868
1355869
1355870
1355871
1355872
1355873
1355874
1355875
1355876
1355877
1355878
1355879
1355880
1355881
1355882
1355883
1355884
1355885
1355886
1355887
1355888
1355889
1356880
1356881
1356882
1356883
1356884
1356885
1356886
1356887
1356888
1356889
1356890
1356891
1356892
1356893
1356894
1356895
1356896
1356897
1356898
1356899
1360800
1360801
1360802
1360803
1360804
1360805
1360806
1360807
1360808
1360809
1360817
1360818
1360819
1360820
1360821
1360822
1360823
1361800
1361801
1361802
1361803
1361804
1361805
1361806
1361807
1361808
1361809
1362800
1362801
1362802
1362803
1362804
1362805
1362806
1364800
1364801
1364802
1364803
1364804
1364805
1364806
1364807
1364808
1364809
1365800
1365801
1365802
1365803
1365804
1365805
1365806
1365807
1365808
1365809
1366610
1366611
1366612
1366613
1366614
1366615
1366616
1366617
1366618
1366619
1366620
1366621
1366622
1366623
1366624
1366625
1366626
1366627
1366628
1366629
1366810
1366811
1366812
1366813
1366814
1366815
1366816
1366817
1366818
1366819
1366820
1366821
1366822
1366823
1366824
1366825
1366826
1366827
1366828
1366829
1367800
1367801
1367802
1367803
1367804
1367805
1367806
1367807
1367808
1367809
1367810
1367811
1367812
1367813
1367814
1367815
1367816
1367817
1367818
1367819
1367900
1367901
1367902
1367903
1367904
1367905
1367906
1367907
1367908
1367909
1368340
1368341
1368342
1368343
1368344
1368345
1368346
1368347
1368348
1368349
1368400
1368401
1368402
1368403
1368404
1368405
1368406
1368407
1368408
1368409
1368800
1368801
1368802
1368803
1368804
1368805
1368806
1368807
1368808
1368809
1368810
1368811
1368812
1368813
1368814
1368815
1368816
1368817
1368818
1368819
1368830
1368831
1368832
1368833
1368834
1368835
1368836
1368837
1368838
1368839
1368840
1368841
1368842
1368843
1368844
1368845
1368846
1368847
1368848
1368849
1368900
1368901
1368902
1368903
1368904
1368905
1368906
1368907
1368908
1368909
1369340
1369341
1369342
1369343
1369344
1369345
1369346
1369347
1369348
1369349
1369900
1369901
1369902
1369903
1369904
1369905
1369906
1369907
1369908
1369909
1369940
1369941
1369942
1369943
1369944
1369945
1369946
1369947
1369948
1369949
1370800
1370801
1370802
1370803
1370804
1370805
1370806
1370807
1370808
1370809
1370817
1370818
1370819
1370820
1370821
1370822
1370823
1370900
1370901
1370902
1370903
1370904
1370905
1370906
1370907
1370908
1370909
1373060
1373061
1373062
1373063
1373064
1373065
1373066
1373067
1373068
1373069
1373080
1373081
1373082
1373083
1373084
1373085
1373086
1373087
1373088
1373089
1373945
1373946
1373947
1373948
1373949
1380800
1380801
1380802
1380803
1380804
1380805
1380806
1380807
1380808
1380809
1380817
1380818
1380819
1380820
1380821
1380822
1380823
1388000
1388001
1388002
1388003
1388004
1388005
1388006
1388007
1388008
1388009
1388010
1388011
1388012
1388013
1388014
1388015
1388016
1388017
1388018
1388019
1388020
1388021
1388022
1388023
1388024
1388025
1388026
1388027
1388028
1388029
1388030
1388031
1388032
1388033
1388034
1388035
1388036
1388037
1388038
1388039
1388040
1388041
1388042
1388043
1388044
1388045
1388046
1388047
1388048
1388049
1388050
1388051
1388052
1388053
1388054
1388055
1388056
1388057
1388058
1388059
1388060
1388061
1388062
1388063
1388064
1388065
1388066
1388067
1388068
1388069
1388070
1388071
1388072
1388073
1388074
1388075
1388076
1388077
1388078
1388079
1388080
1388081
1388082
1388083
1388084
1388085
1388086
1388087
1388088
1388089
1388090
1388091
1388092
1388093
1388094
1388095
1388096
1388097
1388098
1388099
1388170
1388171
1388172
1388173
1388174
1388175
1388176
1388177
1388178
1388179
1388180
1388181
1388182
1388183
1388184
1388185
1388186
1388187
1388188
1388189
1388190
1388191
1388192
1388193
1388194
1388195
1388196
1388197
1388198
1388199
1388200
1388201
1388202
1388203
1388204
1388205
1388206
1388207
1388208
1388209
1388210
1388211
1388212
1388213
1388214
1388215
1388216
1388217
1388218
1388219
1388220
1388221
1388222
1388223
1388224
1388225
1388226
1388227
1388228
1388229
1390800
1390801
1390802
1390803
1390804
1390805
1390806
1390807
1390808
1390809
1390817
1390818
1390819
1390820
1390821
1390822
1390823
1398000
1398001
1398002
1398003
1398004
1398005
1398006
1398007
1398008
1398009
1398040
1398041
1398042
1398043
1398044
1398045
1398046
1398047
1398048
1398049
1398050
1398051
1398052
1398053
1398054
1398055
1398056
1398057
1398058
1398059
1398060
1398061
1398062
1398063
1398064
1398065
1398066
1398067
1398068
1398069
1398070
1398071
1398072
1398073
1398074
1398075
1398076
1398077
1398078
1398079
1398080
1398081
1398082
1398083
1398084
1398085
1398086
1398087
1398088
1398089
1398090
1398091
1398092
1398093
1398094
1398095
1398096
1398097
1398098
1398099
1398170
1398171
1398172
1398173
1398174
1398175
1398176
1398177
1398178
1398179
1398180
1398181
1398182
1398183
1398184
1398185
1398186
1398187
1398188
1398189
1398190
1398191
1398192
1398193
1398194
1398195
1398196
1398197
1398198
1398199
1398200
1398201
1398202
1398203
1398204
1398205
1398206
1398207
1398208
1398209
1398210
1398211
1398212
1398213
1398214
1398215
1398216
1398217
1398218
1398219
1398220
1398221
1398222
1398223
1398224
1398225
1398226
1398227
1398228
1398229
1510280
1510281
1510282
1510283
1510284
1510285
1510286
1510287
1510288
1510289
1510820
1510821
1510822
1510823
1510824
1510825
1510826
1510827
1510828
1510829
1510830
1510831
1510832
1510833
1510834
1510835
1510836
1510837
1510838
1510839
1510840
1510841
1510842
1510843
1510844
1510845
1510846
1510847
1510848
1510849
1511400
1511401
1511402
1511403
1511404
1511405
1511406
1511407
1511408
1511409
1518430
1518431
1518432
1518433
1518434
1518435
1518436
1518437
1518438
1518439
1518440
1518441
1518442
1518443
1518444
1518445
1518446
1518447
1518448
1518449
1519660
1519661
1519662
1519663
1519664
1519665
1519666
1519667
1519668
1519669
1519800
1519801
1519802
1519803
1519804
1519805
1519806
1519807
1519808
1519809
1519810
1519811
1519812
1519813
1519814
1519815
1519816
1519817
1519818
1519819
1519820
1519821
1519822
1519823
1519824
1519825
1519826
1519827
1519828
1519829
1520280
1520281
1520282
1520283
1520284
1520285
1520286
1520287
1520288
1520289
1520810
1520811
1520812
1520813
1520814
1520815
1520816
1520817
1520818
1520819
1520820
1520821
1520822
1520823
1520824
1520825
1520826
1520827
1520828
1520829
1520830
1520831
1520832
1520833
1520834
1520835
1520836
1520837
1520838
1520839
1520840
1520841
1520842
1520843
1520844
1520845
1520846
1520847
1520848
1520849
1522880
1522881
1522882
1522883
1522884
1522885
1522886
1522887
1522888
1522889
1522890
1522891
1522892
1522893
1522894
1522895
1522896
1522897
1522898
1522899
1528100
1528101
1528102
1528103
1528104
1528105
1528106
1528107
1528108
1528109
1570280
1570281
1570282
1570283
1570284
1570285
1570286
1570287
1570288
1570289
1570840
1570841
1570842
1570843
1570844
1570845
1570846
1570847
1570848
1570849
1571800
1571801
1571802
1571803
1571804
1571805
1571940
1571941
1571942
1571943
1571944
1571945
1571946
1571947
1571948
1571949
1575620
1575621
1575622
1575623
1575624
1575625
1575626
1575627
1575628
1575629
1575630
1575631
1575632
1575633
1575634
1575635
1575636
1575637
1575638
1575639
1575640
1575641
1575642
1575643
1575644
1575645
1575646
1575647
1575648
1575649
1575650
1575651
1575652
1575653
1575654
1575655
1575656
1575657
1575658
1575659
1575660
1575661
1575662
1575663
1575664
1575665
1575666
1575667
1575668
1575669
1576030
1576031
1576032
1576033
1576034
1576035
1576036
1576037
1576038
1576039
1580280
1580281
1580282
1580283
1580284
1580285
1580286
1580287
1580288
1580289
1582800
1582801
1582802
1582803
1582804
1582805
1582806
1582807
1582808
1582809
1582810
1582811
1582812
1582813
1582814
1582815
1582816
1582817
1582818
1582819
1582820
1582821
1582822
1582823
1582824
1582825
1582826
1582827
1582828
1582829
1582830
1582831
1582832
1582833
1582834
1582835
1582836
1582837
1582838
1582839
1582840
1582841
1582842
1582843
1582844
1582845
1582846
1582847
1582848
1582849
1582850
1582851
1582852
1582853
1582854
1582855
1582856
1582857
1582858
1582859
1582860
1582861
1582862
1582863
1582864
1582865
1582866
1582867
1582868
1582869
1588100
1588101
1588102
1588103
1588104
1588105
1588106
1588107
1588108
1588109
1588110
1588111
1588112
1588113
1588114
1588115
1588116
1588117
1588118
1588119
1588200
1588201
1588202
1588203
1588204
1588205
1588206
1588207
1588208
1588209
1588210
1588211
1588212
1588213
1588214
1588215
1588216
1588217
1588218
1588219
1588220
1588221
1588222
1588223
1588224
1588225
1588226
1588227
1588228
1588229
1588230
1588231
1588232
1588233
1588234
1588235
1588236
1588237
1588238
1588239
1588240
1588241
1588242
1588243
1588244
1588245
1588246
1588247
1588248
1588249
1588440
1588441
1588442
1588443
1588444
1588445
1588446
1588447
1588448
1588449
1588450
1588451
1588452
1588453
1588454
1588455
1588456
1588457
1588458
1588459
1590280
1590281
1590282
1590283
1590284
1590285
1590286
1590287
1590288
1590289
1590810
1590811
1590812
1590813
1590814
1590815
1590816
1590817
1590818
1590819
1592800
1592801
1592802
1592803
1592804
1592805
1592806
1592807
1592808
1592809
1592810
1592811
1592812
1592813
1592814
1592815
1592816
1592817
1592818
1592819
1592840
1592841
1592842
1592843
1592844
1592845
1592846
1592847
1592848
1592849
1592850
1592851
1592852
1592853
1592854
1592855
1592856
1592857
1592858
1592859
1592860
1592861
1592862
1592863
1592864
1592865
1592866
1592867
1592868
1592869
1592870
1592871
1592872
1592873
1592874
1592875
1592876
1592877
1592878
1592879
1592880
1592881
1592882
1592883
1592884
1592885
1592886
1592887
1592888
1592889
1592890
1592891
1592892
1592893
1592894
1592895
1592896
1592897
1592898
1592899
1598200
1598201
1598202
1598203
1598204
1598205
1598206
1598207
1598208
1598209
1598210
1598211
1598212
1598213
1598214
1598215
1598216
1598217
1598218
1598219
1598220
1598221
1598222
1598223
1598224
1598225
1598226
1598227
1598228
1598229
1598230
1598231
1598232
1598233
1598234
1598235
1598236
1598237
1598238
1598239
1598240
1598241
1598242
1598243
1598244
1598245
1598246
1598247
1598248
1598249
1598280
1598281
1598282
1598283
1598284
1598285
1598286
1598287
1598288
1598289
1703195
1703196
1703197
1703198
1703199
1703200
1703201
1703202
1703203
1703204
1703205
1703206
1703207
1703208
1703209
1703210
1703211
1703212
1703213
1703214
1703215
1703216
1703217
1703218
1703219
1703220
1703221
1703222
1703223
1703224
1703225
1703226
1703227
1703228
1703229
1703230
1703231
1703232
1703233
1703234
1703235
1703236
1703237
1703238
1703239
1703240
1703241
1703242
1703243
1703244
1703245
1703246
1703247
1703248
1703249
1703250
1703251
1703252
1703253
1703254
1705031
1705091
1705128
1705171
1705197
1705231
1705251
1705283
1705310
1705312
1705336
1705346
1705369
1705394
1705528
1705554
1705558
1705613
1705614
1705664
1705665
1705728
1705781
1705821
1705829
1705830
1705836
1705838
1705848
1780280
1780281
1780282
1780283
1780284
1780285
1780286
1780287
1780288
1780289
1782800
1782801
1782802
1782803
1782804
1782805
1782806
1782807
1782808
1782809
1782810
1782811
1782812
1782813
1782814
1782815
1782816
1782817
1782818
1782819
1782830
1782831
1782832
1782833
1782834
1782835
1782836
1782837
1782838
1782839
1782840
1782841
1782842
1782843
1782844
1782845
1782846
1782847
1782848
1782849
1788200
1788201
1788202
1788203
1788204
1788205
1788206
1788207
1788208
1788209
1788210
1788211
1788212
1788213
1788214
1788215
1788216
1788217
1788218
1788219
1789214
1789215
1789216
1789217
1789218
1789219
1789220
1789221
1789222
1789223
1789810
1789811
1789812
1789813
1789814
1789815
1789816
1789817
1789818
1789819
1789820
1789821
1789822
1789823
1789824
1789825
1789826
1789827
1789828
1789829
1789830
1789831
1789832
1789833
1789834
1789835
1789836
1789837
1789838
1789839
1820000
1820001
1820002
1820003
1820004
1820005
1820006
1820007
1820008
1820009
1820010
1820011
1820012
1820013
1820014
1820015
1820016
1820017
1820018
1820019
1820020
1820021
1820022
1820023
1820024
1820025
1820026
1820027
1820028
1820029
1820030
1820031
1820032
1820033
1820034
1820035
1820036
1820037
1820038
1820039
1820040
1820041
1820042
1820043
1820044
1820045
1820046
1820047
1820048
1820049
1820050
1820051
1820052
1820053
1820054
1820055
1820056
1820057
1820058
1820059
1820280
1820281
1820282
1820283
1820284
1820285
1820286
1820287
1820288
1820289
1820810
1820811
1820812
1820813
1820814
1820815
1820816
1820817
1820818
1820819
1821550
1821551
1821552
1821553
1821554
1821555
1821556
1821557
1821558
1821559
1821560
1821561
1821562
1821563
1821564
1821565
1821566
1821567
1821568
1821569
1822400
1822401
1822402
1822403
1822404
1822405
1822406
1822407
1822408
1822409
1822440
1822441
1822442
1822443
1822444
1822445
1822446
1822447
1822448
1822449
1822760
1822761
1822762
1822763
1822764
1822765
1822766
1822767
1822768
1822769
1822800
1822801
1822802
1822803
1822804
1822805
1822806
1822807
1822808
1822809
1824420
1824421
1824422
1824423
1824424
1824425
1824426
1824427
1824428
1824429
1828000
1828001
1828002
1828003
1828004
1828005
1828006
1828007
1828008
1828009
1828010
1828011
1828012
1828013
1828014
1828015
1828016
1828017
1828018
1828019
1828020
1828021
1828022
1828023
1828024
1828025
1828026
1828027
1828028
1828029
1828030
1828031
1828032
1828033
1828034
1828035
1828036
1828037
1828038
1828039
1828040
1828041
1828042
1828043
1828044
1828045
1828046
1828047
1828048
1828049
1828450
1828451
1828452
1828453
1828454
1828455
1828456
1828457
1828458
1828459
1830280
1830281
1830282
1830283
1830284
1830285
1830286
1830287
1830288
1830289
1832800
1832801
1832802
1832803
1832804
1832805
1832806
1832807
1832808
1832809
1832830
1832831
1832832
1832833
1832834
1832835
1832836
1832837
1832838
1832839
1832840
1832841
1832842
1832843
1832844
1832845
1832846
1832847
1832848
1832849
1832850
1832851
1832852
1832853
1832854
1832855
1832856
1832857
1832858
1832859
1832860
1832861
1832862
1832863
1832864
1832865
1832866
1832867
1832868
1832869
1832870
1832871
1832872
1832873
1832874
1832875
1832876
1832877
1832878
1832879
1834910
1834911
1834912
1834913
1834914
1834915
1834916
1834917
1834918
1834919
1834920
1834921
1834922
1834923
1834924
1834925
1834926
1834927
1834928
1834929
1834930
1834931
1834932
1834933
1834934
1834935
1834936
1834937
1834938
1834939
1838000
1838001
1838002
1838003
1838004
1838005
1838006
1838007
1838008
1838009
1838010
1838011
1838012
1838013
1838014
1838015
1838016
1838017
1838018
1838019
1838020
1838021
1838022
1838023
1838024
1838025
1838026
1838027
1838028
1838029
1838030
1838031
1838032
1838033
1838034
1838035
1838036
1838037
1838038
1838039
1838040
1838041
1838042
1838043
1838044
1838045
1838046
1838047
1838048
1838049
1838100
1838101
1838102
1838103
1838104
1838105
1838106
1838107
1838108
1838109
1838200
1838201
1838202
1838203
1838204
1838205
1838206
1838207
1838208
1838209
1838210
1838211
1838212
1838213
1838214
1838215
1838216
1838217
1838218
1838219
1838220
1838221
1838222
1838223
1838224
1838225
1838226
1838227
1838228
1838229
1838230
1838231
1838232
1838233
1838234
1838235
1838236
1838237
1838238
1838239
1838240
1838241
1838242
1838243
1838244
1838245
1838246
1838247
1838248
1838249
1838410
1838411
1838412
1838413
1838414
1838415
1838416
1838417
1838418
1838419
1838420
1838421
1838422
1838423
1838424
1838425
1838426
1838427
1838428
1838429
1840280
1840281
1840282
1840283
1840284
1840285
1840286
1840287
1840288
1840289
1840820
1840821
1840822
1840823
1840824
1840825
1840826
1840827
1840828
1840829
1842800
1842801
1842802
1842803
1842804
1842805
1842806
1842807
1842808
1842809
1842810
1842811
1842812
1842813
1842814
1842815
1842816
1842817
1842818
1842819
1842820
1842821
1842822
1842823
1842824
1842825
1842826
1842827
1842828
1842829
1842830
1842831
1842832
1842833
1842834
1842835
1842836
1842837
1842838
1842839
1848200
1848201
1848202
1848203
1848204
1848205
1848206
1848207
1848208
1848209
1848210
1848211
1848212
1848213
1848214
1848215
1848216
1848217
1848218
1848219
1848220
1848221
1848222
1848223
1848224
1848225
1848226
1848227
1848228
1848229
1848230
1848231
1848232
1848233
1848234
1848235
1848236
1848237
1848238
1848239
1848360
1848361
1848362
1848363
1848364
1848365
1848366
1848367
1848368
1848369
1848370
1848371
1848372
1848373
1848374
1848375
1848376
1848377
1848378
1848379
1849990
1849991
1849992
1849993
1849994
1849995
1849996
1849997
1849998
1849999
1870280
1870281
1870282
1870283
1870284
1870285
1870286
1870287
1870288
1870289
1870810
1870811
1870812
1870813
1870814
1870815
1870816
1870817
1870818
1870819
1872840
1872841
1872842
1872843
1872844
1872845
1872846
1872847
1872848
1872849
1878000
1878001
1878002
1878003
1878004
1878005
1878006
1878007
1878008
1878009
1878010
1878011
1878012
1878013
1878014
1878015
1878016
1878017
1878018
1878019
1878020
1878021
1878022
1878023
1878024
1878025
1878026
1878027
1878028
1878029
1878190
1878191
1878192
1878193
1878194
1878195
1878196
1878197
1878198
1878199
1878200
1878201
1878202
1878203
1878204
1878205
1878206
1878207
1878208
1878209
1878210
1878211
1878212
1878213
1878214
1878215
1878216
1878217
1878218
1878219
1878220
1878221
1878222
1878223
1878224
1878225
1878226
1878227
1878228
1878229
1878240
1878241
1878242
1878243
1878244
1878245
1878246
1878247
1878248
1878249
1878290
1878291
1878292
1878293
1878294
1878295
1878296
1878297
1878298
1878299
1880280
1880281
1880282
1880283
1880284
1880285
1880286
1880287
1880288
1880289
1880800
1880801
1880802
1880803
1880804
1880805
1880806
1880807
1880808
1880809
1882800
1882801
1882802
1882803
1882804
1882805
1882806
1882807
1882808
1882809
1882810
1882811
1882812
1882813
1882814
1882815
1882816
1882817
1882818
1882819
1882820
1882821
1882822
1882823
1882824
1882825
1882826
1882827
1882828
1882829
1888000
1888001
1888002
1888003
1888004
1888005
1888006
1888007
1888008
1888009
1888010
1888011
1888012
1888013
1888014
1888015
1888016
1888017
1888018
1888019
1888020
1888021
1888022
1888023
1888024
1888025
1888026
1888027
1888028
1888029
1888030
1888031
1888032
1888033
1888034
1888035
1888036
1888037
1888038
1888039
1888040
1888041
1888042
1888043
1888044
1888045
1888046
1888047
1888048
1888049
1888050
1888051
1888052
1888053
1888054
1888055
1888056
1888057
1888058
1888059
1888060
1888061
1888062
1888063
1888064
1888065
1888066
1888067
1888068
1888069
1888070
1888071
1888072
1888073
1888074
1888075
1888076
1888077
1888078
1888079
1888145
1888146
1888147
1888148
1888149
1888400
1888401
1888402
1888403
1888404
1888405
1888406
1888407
1888408
1888409
1888410
1888411
1888412
1888413
1888414
1888415
1888416
1888417
1888418
1888419
1888660
1888661
1888662
1888663
1888664
1300810
1300811
1300812
1300813
1300814
1300815
1300816
1300817
1300818
1300819
1301820
1301821
1301822
1301823
1301824
1301825
1301826
1301827
1301828
1301829
1302810
1302811
1302812
1302813
1302814
1302815
1302816
1302817
1302818
1302819
1303280
1303281
1303282
1303283
1303284
1303285
1303286
1303287
1303288
1303289
1303666
1303667
1303668
1303669
1305666
1305667
1305668
1305669
1306000
1306001
1306002
1306003
1306004
1306005
1306006
1306007
1306008
1306009
1307280
1307281
1307282
1307283
1307284
1307285
1307286
1307287
1307288
1307289
1307600
1307601
1307602
1307603
1307604
1307605
1307606
1307607
1307608
1307609
1308440
1308441
1308442
1308443
1308444
1308445
1308446
1308447
1308660
1308661
1308662
1308663
1308664
1308665
1308666
1308667
1308668
1308669
1308800
1308801
1308802
1308803
1308804
1308805
1308806
1308807
1308808
1308809
1309440
1309441
1309442
1309443
1309444
1309445
1309446
1309447
1309448
1309449
1309630
1309631
1309632
1309633
1309634
1309635
1309636
1309637
1309638
1309639
1311185
1311186
1311187
1311188
1311189
1318380
1318381
1318382
1318383
1318384
1318385
1318386
1318387
1318388
1318389
1319486
1319487
1319488
1319489
1319496
1319497
1319498
1319499
1319850
1319851
1319852
1319853
1319854
1319855
1319856
1319857
1319858
1319859
1320810
1320811
1320816
1320817
1320818
1320819
1321900
1321901
1321902
1321903
1321904
1321905
1321906
1321907
1321908
1321909
1322810
1322811
1322812
1322813
1322814
1322815
1322816
1322817
1322818
1322819
1322820
1322821
1322822
1325810
1325811
1325812
1325813
1325814
1325815
1325816
1325817
1325818
1325819
1325820
1325821
1325822
1325823
1325824
1325825
1325826
1325827
1325828
1325829
1325830
1325831
1325832
1325833
1325834
1325835
1325836
1325837
1325838
1325839
1328100
1328101
1328102
1328103
1328104
1328105
1328106
1328107
1328108
1328109
1328110
1328111
1328112
1328113
1328114
1328115
1328116
1328117
1328118
1328119
1328120
1328121
1328122
1328123
1328124
1328125
1328126
1328127
1328128
1328129
1328145
1328146
1328147
1328148
1328149
1328180
1328181
1328182
1328183
1328184
1328185
1328186
1328187
1328188
1328189
1452800
1452801
1452802
1452803
1452804
1452805
1452806
1452807
1452808
1452809
1452810
1452811
1453810
1453811
1453812
1453813
1457200
1457201
1457202
1457203
1457204
1459200
1459201
1459202
1459203
1459204
1459205
1459206
1459207
1459208
1459209
1459210
1459211
1459212
1459213
1459214
1459215
1459216
1459217
1459218
1459219
1459220
1459221
1459222
1459223
1459224
1459225
1459226
1459227
1459228
1459229
1459230
1459231
1459232
1459233
1459234
1550280
1550281
1550282
1550283
1550844
1550845
1550846
1550847
1550848
1550849
1552044
1552045
1552046
1552047
1552048
1552049
1552070
1552071
1552072
1552073
1552074
1552075
1552076
1552077
1552078
1552079
1552081
1552082
1552083
1552084
1552800
1552801
1552802
1552803
1552804
1552805
1552806
1552807
1552808
1552809
1552810
1552811
1552812
1552813
1552814
1552815
1552816
1552817
1552818
1552819
1552820
1552821
1552822
1552823
1552824
1552825
1552826
1552827
1552828
1552829
1552830
1552831
1552832
1552833
1552834
1552835
1552836
1552837
1552838
1552839
1552840
1552841
1552842
1552843
1552844
1552845
1552846
1552847
1552848
1552849
1552879
1558320
1558340
1558341
1558342
1558343
1558344
1560800
1560801
1560802
1560803
1560804
1560805
1560806
1560807
1560808
1560809
1560817
1560818
1560819
1560820
1560821
1560822
1560823
1568000
1568001
1568002
1568003
1568004
1568005
1568006
1568007
1568008
1568009
1568040
1568041
1568042
1568043
1568044
1568045
1568046
1568047
1568048
1568049
1568050
1568051
1568052
1568053
1568054
1568055
1568056
1568057
1568058
1568059
1568060
1568061
1568062
1568063
1568064
1568065
1568066
1568067
1568068
1568069
1568070
1568071
1568072
1568073
1568074
1568075
1568076
1568077
1568078
1568079
1568080
1568081
1568082
1568083
1568084
1568085
1568086
1568087
1568088
1568089
1568090
1568091
1568092
1568093
1568094
1568095
1568096
1568097
1568098
1568099
1568200
1568201
1568202
1568203
1568204
1568205
1568206
1568207
1568208
1568209
1568210
1568211
1568212
1568213
1568214
1568253
1568254
1568255
1568256
1569288
1569289
1569400
1569401
1707280
1707281
1707282
1707283
1707284
1707285
1707286
1707287
1707288
1707289
1707800
1707801
1707802
1707803
1707804
1707805
1707806
1707807
1707808
1707809
1707810
1707811
1707812
1707813
1707814
1707815
1707816
1707817
1707818
1707819
1708280
1708281
1708282
1708283
1708284
1708285
1708286
1708287
1708288
1708289
1708800
1708801
1708802
1708803
1708810
1708811
1708812
1708813
1708814
1708815
1708816
1708817
1708818
1708819
1709280
1709281
1709282
1709283
1709284
1709285
1709286
1709287
1709288
1709289
1709830
1709831
1709832
1709833
1709834
1709835
1709836
1709837
1709838
1709839
1718820
1718821
1718822
1718823
1718824
1718825
1718826
1718827
1718828
1718829
1718830
1718831
1718832
1718833
1718834
1718835
1718836
1718837
1718838
1718839
1719820
1719821
1719822
1719823
1719824
1719825
1719826
1719827
1719828
1719829
1719830
1719831
1760280
1760281
1760282
1760283
1760284
1760285
1760286
1760287
1760288
1760289
1760800
1760801
1760802
1760803
1760804
1760805
1760806
1760807
1760808
1760809
1760822
1760823
1760824
1760828
1760829
1761280
1761281
1761282
1761283
1761284
1761285
1761286
1761287
1761288
1761289
1762800
1762801
1762802
1762803
1762804
1762805
1762806
1762807
1762808
1762809
1762828
1762829
1768324
1768328
1850280
1850281
1850282
1850283
1850284
1850285
1850286
1850287
1850288
1850289
1850810
1850811
1850819
1850820
1850821
1850822
1850823
1850824
1850828
1850829
1851280
1851281
1851282
1851283
1851284
1851285
1851286
1851287
1851288
1851289
1858150
1858151
1858152
1858153
1858154
1858155
1858156
1858157
1858158
1858159
1858161
1858183
1858184
1858185
1858186
1858187
1858188
1858189
1858195
1858196
1858197
1858198
1858199
1858230
1858231
1858232
1858233
1858234
1858235
1858236
1858237
1858238
1858239
1858245
1858246
1858247
1858248
1858249
1858251
1858252
1858253
1858254
1858255
1858256
1858257
1858258
1858259
1858285
1858286
1858287
1858288
1858289
1858299
1858322
1858323
1858324
1858325
1858326
1858327
1858328
1858329
1858336
1858337
1858338
1858339
1858360
1858361
1858362
1858363
1858364
1858365
1858366
1858367
1858368
1858369
1858370
1858371
1858372
1858373
1858374
1858375
1858376
1858377
1858378
1858379
1858390
1858391
1858392
1858393
1858394
1858395
1858396
1858397
1858398
1858399
1858405
1858406
1858407
1858408
1858409
1858418
1858480
1858481
1858482
1858483
1858484
1858485
1858486
1858487
1858488
1858489
1858490
1858491
1858492
1858493
1858494
1858495
1858496
1858497
1858498
1858499
1859993
1859994
1860280
1860281
1860282
1860283
1860284
1860285
1860286
1860287
1860288
1860289
1860800
1860801
1860802
1860803
1860804
1861320
1861321
1861322
1861323
1861570
1861571
1861572
1861574
1861575
1861576
1861577
1861578
1861579
1862800
1862801
1862802
1862803
1862804
1862805
1862806
1862807
1862808
1862809
1862810
1862811
1862812
1862813
1862814
1862815
1862816
1862817
1862818
1862819
1862820
1862821
1862822
1862823
1862824
1862825
1862826
1862827
1862828
1862829
1862830
1862831
1862832
1862833
1862834
1862835
1862836
1862837
1862838
1862839
1862895
1862897
1868122
1868125
1868127
1868135
1868137
1868255
1868256
1868265
1868269
1868273
1868275
1868325
1868329
1868337
1868342
1868343
1868344
1868352
1868356
1868357
1868361
1868362
1868368
1868369
1868371
1868372
1868378
1868379
1868393
1868395
1868400
1868401
1868402
1868403
1868404
1330800
1330801
1330802
1330803
1330804
1330805
1330806
1330807
1330808
1330809
1330817
1330818
1330819
1330820
1330821
1330822
1330823
1332094
1332096
1332098
1332099
1333094
1333096
1333098
1333099
1334094
1334096
1334098
1334099
1334880
1334881
1334882
1334883
1334884
1334885
1334886
1334887
1334888
1334889
1334890
1334891
1334892
1334893
1334894
1334895
1334896
1334897
1334898
1334899
1335005
1335006
1335007
1335008
1335009
1335082
1335083
1335084
1335085
1335086
1335087
1335088
1335089
1337810
1337811
1337812
1338816
1338817
1338818
1338819
1339815
1339816
1339817
1339818
1339819
1530800
1530801
1530802
1530803
1530804
1530805
1530806
1530807
1530808
1530809
1530817
1530818
1530819
1530820
1530821
1530822
1530823
1532800
1532801
1532802
1532803
1532804
1532805
1532806
1532807
1532808
1532809
1532817
1532818
1532819
1533134
1533138
1533139
1534817
1534818
1534819
1535120
1535121
1535122
1535138
1537817
1537818
1537819
1537820
1538810
1538811
1538812
1538813
1538814
1538815
1538816
1538817
1538818
1538819
1538820
1538821
1538822
1538823
1538824
1538825
1538826
1538844
1539000
1539001
1539002
1539003
1539004
1539005
1539006
1539007
1539008
1539009
1539040
1539041
1539042
1539043
1539044
1539760
1539761
1539762
1539763
1539764
1700138
1700139
1700280
1700281
1700282
1700283
1700284
1700285
1700286
1700287
1700288
1700289
1700644
1700823
1700824
1700825
1700826
1700827
1700828
1700829
1700842
1700843
1700844
1701980
1701981
1701982
1701983
1701984
1701985
1701986
1701987
1701988
1701989
1701990
1701991
1701992
1701993
1701994
1701995
1701996
1701997
1701998
1701999
1702800
1702801
1702802
1702803
1702804
1702805
1702806
1702807
1731351
1731352
1731353
1731354
1731355
1736062
1736063
1736064
1736065
1736066
1736067
1736068
1736069
1736115
1736116
1736117
1736118
1736119
1736487
1736488
1736489
1738094
1738095
1738296
1738297
1738298
1738299
1738830
1738831
1738832
1738833
1730280
1730281
1730282
1730283
1730284
1730285
1730286
1730287
1730288
1730289
1730800
1730801
1730802
1730803
1730804
1730805
1730806
1730807
1730808
1730809
1730810
1731107
1731108
1731109
1731120
1731121
1731122
1731123
1731124
1731125
1731126
1731127
1731128
1731129
1731130
1731131
1731132
1731133
1731134
1731135
1731136
1731137
1731138
1731139
1731140
1731141
1731142
1731143
1731144
1731145
1731146
1731147
1731148
1731149
1731300
1731301
1731302
1731303
1731304
1731305
1731306
1731307
1731308
1731309
1731310
1731311
1731312
1731313
1731314
1731315
1731316
1731317
1731318
1731319
1731320
1731321
1731322
1731860
1731861
1731862
1731863
1731864
1731865
1731866
1731867
1731868
1731869
1731890
1731891
1731892
1731893
1731894
1731895
1731896
1731897
1731898
1731899
1732300
1732301
1732302
1732303
1732304
1732305
1732306
1732307
1732308
1732309
1732310
1732311
1732312
1732313
1732314
1732315
1732316
1732317
1732318
1732319
1732320
1732321
1732322
1732323
1732324
1732325
1732326
1732327
1732328
1733899
1734002
1734003
1734006
1734007
1734008
1734009
1734010
1734011
1734012
1734013
1734014
1734015
1734016
1734017
1734018
1734019
1734020
1734130
1734131
1734132
1734133
1734134
1734135
1734136
1734137
1734138
1734139
1734250
1734251
1734252
1734253
1734254
1734255
1734256
1734257
1734258
1734259
1734500
1734501
1734502
1734503
1734504
1734505
1734506
1734507
1734508
1734509
1734804
1734805
1734806
1734807
1734808
1734809
1734810
1734811
1734812
1734813
1735850
1735851
1735852
1735853
1735854
1735855
1735856
1735857
1735858
1735859
1735860
1735861
1735862
1735863
1735864
1735865
1735866
1735867
1735868
1735869
1735897
1735898
1736000
1736001
1736002
1736003
1736004
1736005
1736006
1736007
1736008
1736009
1736010
1736011
1736012
1736013
1736014
1736015
1736016
1736017
1736018
1736019
1736020
1736021
1736022
1736023
1736024
1736025
1736026
1736027
1736028
1736029
1736100
1736101
1736102
1736103
1736104
1736105
1736106
1736470
1736471
1736472
1736473
1736474
1736475
1736476
1736477
1736478
1736479
1736480
1736481
1736482
1736483
1736484
1737878
1738003
1738004
1738005
1738007
1738008
1738009
1738010
1738011
1738012
1738013
1738014
1738015
1738040
1738041
1738042
1738043
1738044
1738045
1738046
1738047
1738048
1738049
1738053
1738054
1738055
1738056
1738057
1738058
1738059
1738060
1738061
1738062
1738063
1738064
1738065
1738066
1738067
1738068
1738069
1738154
1738155
1738156
1738157
1738158
1738159
1738180
1738181
1738182
1738183
1738184
1738185
1738186
1738187
1738188
1738189
1738190
1738191
1738192
1738193
1738194
1738195
1738196
1738197
1738198
1738199
1739493
1739494
1739495
1739496
1739497
1739498
1739499
1734030
1737495
1738024
1738025
1738034
1738051
1738295
1738326
1738327
1738341
1739052
1739053
1739054
1739055
1771100
1771683
1772339
1774095
1774545
1776066
1777835
1778864
1770280
1770281
1770282
1770283
1770284
1770285
1770286
1770287
1770288
1770289
1770800
1770801
1770802
1770803
1770804
1770805
1770806
1770807
1770808
1770809
1770810
1770811
1770812
1770813
1770814
1770815
1770816
1770817
1770818
1770819
1771101
1771102
1771103
1771104
1771105
1771106
1771107
1771108
1771109
1771130
1771131
1771132
1771134
1771135
1771136
1771137
1771138
1771139
1771143
1771144
1771151
1771152
1771153
1771154
1771155
1771156
1771157
1771340
1771341
1771353
1771354
1771355
1771356
1771357
1771358
1771359
1771360
1771361
1771362
1771363
1771364
1771388
1771610
1771611
1771612
1771613
1771614
1771615
1771616
1771646
1771647
1771685
1771687
1771688
1772186
1772187
1772188
1772195
1772196
1772330
1772331
1772332
1772334
1772344
1772640
1772641
1772642
1772643
1772644
1772645
1772646
1772647
1772648
1772649
1772982
1772983
1772984
1773681
1773682
1773683
1773684
1773814
1773870
1773871
1773872
1773873
1773888
1774017
1774018
1774019
1774020
1774021
1774022
1774094
1774096
1774099
1774284
1774285
1774287
1774320
1774321
1774322
1774323
1774325
1774326
1774420
1774421
1774422
1774423
1774424
1774433
1774434
1774502
1774503
1774504
1774848
1774849
1774876
1774877
1774878
1774879
1776001
1776002
1776003
1776033
1776034
1776037
1776042
1776045
1776047
1776048
1776051
1776052
1776053
1776055
1776057
1776094
1776099
1776116
1776119
1776120
1776121
1776122
1776123
1776124
1776125
1776126
1776127
1776128
1776129
1776130
1776131
1776140
1776141
1776498
1776677
1777552
1777556
1777557
1777834
1777839
1777845
1777847
1777863
1777864
1777867
1777869
1778000
1778001
1778002
1778003
1778004
1778005
1778006
1778007
1778008
1778009
1778043
1778044
1778045
1778046
1778047
1778048
1778049
1778050
1778051
1778052
1778053
1778054
1778055
1778056
1778057
1778058
1778059
1778060
1778061
1778062
1778063
1778064
1778065
1778066
1778067
1778068
1778069
1778070
1778071
1778072
1778073
1778146
1778147
1778148
1778149
1778166
1778167
1778168
1778169
1778866
1779026
1779027
1779028
1779640
1779641
1776056
1776058
1777853
1800050
1800051
1800052
1800053
1800054
1800055
1800056
1800057
1800058
1800059
1800800
1800801
1800802
1800803
1800804
1800805
1800806
1800807
1800808
1800809
1801050
1801051
1801052
1801053
1801054
1801055
1801056
1801057
1801058
1801059
1801060
1801061
1801062
1801063
1801064
1801065
1801066
1801067
1801068
1801069
1801130
1801131
1801132
1801133
1801134
1801135
1801136
1801137
1801138
1801139
1801140
1801141
1801142
1801143
1801144
1801145
1801146
1801147
1801148
1801149
1801150
1801151
1801152
1801153
1801154
1801155
1801156
1801157
1801158
1801159
1803040
1803041
1803042
1803043
1803044
1803045
1803046
1803047
1803048
1803049
1803050
1803051
1803052
1803053
1803054
1803055
1803056
1803057
1803058
1803059
1803060
1803061
1803062
1803063
1803064
1803065
1803066
1803067
1803068
1803069
1803070
1803071
1803072
1803073
1803074
1803075
1803076
1803077
1803078
1803079
1803080
1803081
1803082
1803083
1803084
1803085
1803086
1803087
1803088
1803089
1803470
1804030
1804031
1804032
1804033
1804034
1804035
1804036
1804037
1804802
1804803
1804804
1804805
1804850
1804851
1804852
1804853
1804854
1804855
1804856
1804857
1804858
1804859
1805478
1805479
1808000
1808001
1808002
1808003
1808004
1808005
1808006
1808007
1808008
1808009
1808010
1808011
1808012
1808013
1808014
1808015
1808016
1808017
1808018
1808019
1808040
1808041
1808042
1808043
1808044
1808045
1808046
1808047
1808048
1808049
1808080
1808081
1808082
1808083
1808084
1808085
1808086
1808087
1808088
1808089
1808090
1808091
1808092
1808093
1808094
1808095
1808096
1808097
1808098
1808099
1808100
1808101
1808102
1808103
1808104
1808105
1808106
1808107
1808108
1808109
1808110
1808111
1808112
1808113
1808114
1808115
1808116
1808117
1808118
1808119
1808180
1808181
1808182
1808183
1808184
1808185
1808186
1808187
1808188
1808189
1808190
1808191
1808192
1808193
1808194
1808195
1808196
1808197
1808198
1808199
1808480
1808481
1808482
1808483
1808484
1808485
1808486
1808680
1808681
1808682
1808683
1808684
1808685
1814139
1810080
1810081
1810082
1810083
1810800
1810801
1810802
1810803
1810804
1810805
1810806
1810807
1810808
1810809
1810810
1810811
1810812
1810813
1810814
1810815
1810816
1810817
1810818
1810819
1810820
1810821
1810822
1810823
1810824
1810825
1810826
1810827
1810828
1810829
1810900
1810901
1810902
1810903
1810904
1810905
1810906
1810907
1810908
1810909
1811121
1811122
1811123
1811124
1811125
1811126
1811127
1811128
1811129
1811154
1811155
1811156
1811157
1811158
1811159
1811160
1811161
1811162
1811163
1811164
1811165
1811166
1811167
1811300
1811301
1811302
1811303
1811304
1811305
1811306
1811307
1811308
1811309
1811310
1811311
1811312
1811313
1811314
1811315
1811316
1811317
1811318
1811319
1811656
1811657
1811658
1811659
1811660
1811661
1811662
1811663
1811664
1811665
1811666
1811667
1811780
1811781
1811782
1811783
1811784
1811785
1811786
1811787
1811788
1811789
1811790
1811791
1812186
1812187
1812188
1812195
1812196
1812321
1812322
1812323
1812324
1812325
1812326
1812327
1812328
1812329
1812330
1812331
1812332
1812333
1812334
1812335
1812336
1812337
1812338
1812339
1812345
1812346
1814000
1814001
1814002
1814003
1814004
1814005
1814006
1814007
1814008
1814009
1814010
1814011
1814012
1814013
1814014
1814015
1814016
1814017
1814018
1814019
1814020
1814021
1814022
1814023
1814024
1814433
1814434
1814435
1814436
1814437
1814438
1814439
1814813
1814814
1814815
1816000
1816001
1816002
1816003
1816004
1816117
1816118
1816119
1816120
1816121
1816122
1816123
1816124
1816125
1816126
1816127
1816128
1816129
1818020
1818021
1818022
1818023
1818040
1818041
1818042
1818043
1818044
1818045
1818046
1818047
1818048
1818049
1818050
1818051
1818052
1818053
1818054
1818055
1818056
1818057
1818058
1818059
1818060
1818061
1818062
1818063
1818064
1818065
1818066
1818067
1818068
1818069
1818070
1818071
1818072
1818073
1818074
1818075
1818076
1818077
1818078
1818079
1818080
1818081
1818082
1818083
1818084
1818085
1818086
1818087
1818088
1818089
1818090
1818091
1818092
1818093
1818094
1818095
1818096
1818097
1818098
1818099
1818140
1818141
1818142
1818143
1818144
1818190
1818191
1818192
1818193
1818194
1818195
1818196
1818197
1818198
1818199
1818327
1818328
1818329
1819068
1819069
1819070
1819071
1819072
1819073
1819074
1819075
1819076
1819077
1819078
1819079
1819080
1819081
1819082
1819083
1819084
1819085
1819086
1819087
1819088
1819089
1819090
1819091
1819092
1819093
1819094
1819095
1819096
1819097
1819098
1819099